2460086.5770023149     29.3191262947825813 15.642705384048661  MAHPS 
2460086.5989699075     24.1294665673010655 20.491926295409435  MAHPS 
2460103.5021874998     13.2993972654563581 19.509318511510461  MAHPS 
2460103.5246990742     54.3092331734416334 29.451061183027335  MAHPS 
2460104.5422453703    -13.7623366408126717 19.629664112387136  MAHPS 
2460106.5181365740    -37.5713608013634186 31.185497735149603  MAHPS 
2460113.5400000000     43.7457881572123384 29.429762827925849  MAHPS 
2460120.5406365739    -33.4714707384603258 17.206587292595433  MAHPS 
2460121.4181249999     16.1719654623788962 21.232504426992023  MAHPS 
2460135.4291319447     28.6462667790574095 17.355603267830933  MAHPS 
2460135.4513078704     41.1323001484960287 16.302952523104011  MAHPS 
2460135.4732870371     76.0245730514999991 24.232143831941524  MAHPS 
2460139.5620370372      9.5264791500213004 13.862332340417122  MAHPS 
2460140.4218981480     -6.2857856055911778 14.901703305059540  MAHPS 
2460140.4438773147      2.0460628973594930 15.926729656742404  MAHPS 
2460140.4658449073      5.6211786436102509 13.278464074714812  MAHPS 
2460141.3941898150    -57.4192196894024107 14.796540037071241  MAHPS 
2460141.4161574072    -31.9065413698305349 14.360796967954546  MAHPS 
2460141.4381365739    -40.3828083970759764 17.190694177098027  MAHPS 
2460143.5551504628      2.8717724756100189 15.757524702767620  MAHPS 
2460149.3884837963     53.5734747876852353 24.426087039960347  MAHPS 
2460149.4104398149     17.6824301993578636 20.850433205993330  MAHPS 
2460168.3669907409    -14.0388427916636935 13.454407778100128  MAHPS 
2460168.3892824072     17.4570618098693657 12.849552960935348  MAHPS 
2460168.4112615739    -38.1348643909702005 19.416374351092308  MAHPS 
2460171.3615972223    -26.3148318400574688 13.763129209617473  MAHPS 
2460171.3836805555    -35.8172255907486914  8.547941886454032  MAHPS 
2460176.4024884258     11.5831458023292235 15.850480327692919  MAHPS 
2460176.4244675925    -32.9309676052279841 12.763481112349680  MAHPS 
2460177.3952546297     16.5151380966083039 12.011595239328722  MAHPS 
2460177.4172800924      3.5683778200691911 12.252933605757786  MAHPS 
2460177.4392592590     33.2212086987364046 21.980898987510702  MAHPS 
2460189.3979745372     19.8485917694778955 22.317876071044175  MAHPS 
2460189.4200810185     17.6893469341168732 20.654261402567133  MAHPS 
2460189.4427546295     13.2687162319415126  8.728565963197923  MAHPS 
2460190.4938078704     -4.6519788795856769 14.354767416143730  MAHPS 
2460190.5158217591     -4.6365495690222085 15.434236427943215  MAHPS 
2460190.5378240743     -9.0976675427218741 17.476869857761244  MAHPS 
2460192.3114930554     -5.6318613346444915 19.983608753550740  MAHPS 
2460192.3334606481    -13.2034487496480324 15.277462436880876  MAHPS 
2460192.3554398147     -2.6838038518047802 19.536022175527933  MAHPS 
2460195.4304513889    -18.9407554378043343 14.651605592563859  MAHPS 
2460195.4524189816    -23.7481736677319688 17.854140929065199  MAHPS 
2460197.2982638888     38.4629488293495356 16.356377973897271  MAHPS 
2460197.3201967594     11.0749955273967942 17.365257361754384  MAHPS 
2460199.3080324074      7.2324017223069594 21.374808804359116  MAHPS 
2460199.3634606483    -11.4631689710328306 21.200511056317652  MAHPS 
2460204.3134837961     10.8502925135923203 15.173349244935499  MAHPS 
2460204.3354745372    -11.7551977163722672 14.606048537247792  MAHPS 
2460204.3574537039      8.7458499150572138 13.626767048273081  MAHPS 
2460205.2946412037    -52.4488151620864258 15.739835445748870  MAHPS 
2460205.3165972224    -32.2341147663802943 14.891235610548666  MAHPS 
2460205.3385532405    -33.5133665825631581 15.641587876960624  MAHPS 
2460207.3349768519     -2.5343974013885973 16.939103514579664  MAHPS 
2460207.3569560186    -22.2690016571441802 12.183149578130031  MAHPS 
2460207.3789120372      3.6777345047661849 20.248163524855205  MAHPS 
2460208.3032175926    -18.6659319389592468 21.480305418719738  MAHPS 
2460208.3256250001    -17.1563409975052075 25.258342311865864  MAHPS 
2460208.3477777778    -11.9657567787054564 22.871307620458257  MAHPS 
2460220.3121412038    -14.1890809928783472 28.477130864813802  MAHPS 
2460220.3341782410    -60.0934484172142973 28.834078290730517  MAHPS 
2460222.3525925926     -1.7034046817987412 13.375362244291111  MAHPS 
2460222.3745717593     20.3907573888699041 14.220099875102941  MAHPS 
2460222.3965393519    -20.2323588546773152 15.520358543261588  MAHPS 
2460240.2452777778     45.4186053214829784 19.016612480268801  MAHPS 
2460240.2705092593     30.4234578624760879 15.530548365394347  MAHPS 
2460240.2924884260     29.1203761976931901 14.505683474811544  MAHPS 
2460245.2827083333     -4.6321906663049317 19.087790033429517  MAHPS 
2460257.2872569445    -27.7936219791140786 13.085656983658676  MAHPS 
2460257.3092824076     24.2143442099393837 17.003504708352704  MAHPS 
2460403.6561574070     47.0245321883807108 24.287133858950249  MAHPS 
2460414.6076736110     -8.1360572531034023 17.426262308101400  MAHPS 
2460414.6296527777     17.1049427597284343 20.516668641608341  MAHPS 
2460440.6018402777     16.1922823696622658 19.844471257360130  MAHPS 
2460072.5808600001 -28388.4000000000014552  6.300000000000000  SOPHIE
2460096.5710900002 -28370.0999999999985448  6.300000000000000  SOPHIE
2460112.5862400001 -28371.0000000000000000  6.300000000000000  SOPHIE
2460141.5433299998 -28391.7999999999992724  6.200000000000000  SOPHIE
2460142.5013299999 -28397.0000000000000000  6.200000000000000  SOPHIE
2460156.4878199999 -28408.2000000000007276  5.000000000000000  SOPHIE
2460157.5035799998 -28411.0999999999985448  5.100000000000000  SOPHIE
2460180.4813399999 -28394.2999999999992724  6.200000000000000  SOPHIE
2460181.3509999998 -28395.2000000000007276  6.200000000000000  SOPHIE
2460213.4456600002 -28374.2999999999992724  6.100000000000000  SOPHIE
2460222.3208499998 -28397.4000000000014552  6.200000000000000  SOPHIE
2460232.4126599999 -28410.5999999999985448  6.200000000000000  SOPHIE
2460390.6664999998 -28394.5000000000000000  6.200000000000000  SOPHIE
2460393.6583699998 -28363.5000000000000000  7.000000000000000  SOPHIE
