2459926.6343634259     24.4272428224263365  6.7796678509774759 MAHPS 
2459926.6563541666    -18.5936333226083015  5.6048265244579625 MAHPS 
2459926.6783217592     11.1726404736653766  7.1621949872294897 MAHPS 
2459931.6104629631     23.8689039575312307  7.8394985686177874 MAHPS 
2459931.6323958333     -0.5460247991323639  6.6022359133419810 MAHPS 
2459931.6543402779     22.0700177151989969  8.2485532414216962 MAHPS 
2459939.6043518516     -2.5566095941084637 13.7977725070421382 MAHPS 
2459939.6263194443      2.3746852736025805  9.9793728746029657 MAHPS 
2459939.6482986109      6.1957209539750577  8.6644340303938741 MAHPS 
2459946.5601273142     26.4943661267232144  9.2949256311178168 MAHPS 
2459946.5820717593     28.5829430113336329  5.1025954694378672 MAHPS 
2459946.6179513889     25.8602210647170097  9.1288836555362582 MAHPS 
2459950.6607407406     11.8679456975115407  9.0203387343199903 MAHPS 
2459950.7046990739      2.2486453178086561 10.4629233608772836 MAHPS 
2459951.6455902779     -2.3500706148041051  8.6657218011637394 MAHPS 
2459951.6675694445      2.4820168800475453  6.0284602626801824 MAHPS 
2459951.6895486112      4.6885563832005799 11.5178117357741474 MAHPS 
2459969.5544907409     -1.0172885102842120  7.2240500398496419 MAHPS 
2459969.5764583335     -3.8725089855826367  7.2248660989523543 MAHPS 
2459969.5984375002    -24.3897800338663835  8.0301535199808072 MAHPS 
2459974.5514004631     -3.2866753741231500  8.4658807324191958 MAHPS 
2459984.5583449076    -23.7861202409860439  9.9461909949164617 MAHPS 
2459984.5803240743    -18.6034732378377647  6.0192150838189926 MAHPS 
2459984.6022916664      3.6239096304612448 11.6276544352457272 MAHPS 
2459985.4437962961     11.6120156139075021  7.5524384103458084 MAHPS 
2459985.4657754628      9.8075980035445323  7.9525022533137673 MAHPS 
2459985.4877430550     24.0980537614323289  8.0960085561977078 MAHPS 
2459986.5399305555      3.4788736724891858  8.5103860900160662 MAHPS 
2459986.5619791667     -7.1412437496252386 11.2485271956601807 MAHPS 
2459988.5566782407    -18.2696954425083504  9.2473046162866517 MAHPS 
2459988.5786805553    -36.7680615030991831  9.5191923584605984 MAHPS 
2459988.6006597220    -21.5047973905009506 11.8906597420155364 MAHPS 
2459989.5388425924    -11.1536161334778434 10.1255238984978320 MAHPS 
2459989.5611111112    -23.6460404051417932 10.3588037320287363 MAHPS 
2459989.5830902779    -17.0351642178900242  9.8009372118270246 MAHPS 
2459990.5336226858      2.6347199574280231  6.5069442427525006 MAHPS 
2459990.5556134260    -16.0352231543083548  8.7260635806184457 MAHPS 
2459990.5775810187      5.7292084040757789  5.7737817278909542 MAHPS 
2459999.5166087961     24.0134038714700075 10.5423247405427638 MAHPS 
2459999.6042592591      8.7609705731470875 17.8160851344434690 MAHPS 
2459999.6262384257     -4.1813322373670339 14.1470371563849024 MAHPS 
2460004.4571643518    -27.5710716822802731 11.3203094090517293 MAHPS 
2460004.4791435185    -16.1133465438966361 10.0992990465985635 MAHPS 
2460004.5011342592     -8.2586200382042225  8.6143868126024206 MAHPS 
2460005.4631712963      1.2442676528176206  8.9915476364463469 MAHPS 
2460005.4851157409      3.9608790444046575  5.6672474497871859 MAHPS 
2460006.4553009258     21.2314382281519869 11.4992253702074443 MAHPS 
2460006.4772453704     22.3559934143552468 10.8307810037908805 MAHPS 
2460020.4771180553     -0.0677434296193954  9.9186690266202060 MAHPS 
2460020.4991319445     20.6337720761280323  9.4895170469915282 MAHPS 
2460020.5211342592      1.3090808534340137  6.2240493116922089 MAHPS 
2460021.3995949072    -11.9832015506836314 15.7576617122052394 MAHPS 
2460021.4215624998     -6.7219714314889512  8.9349913064204483 MAHPS 
2460021.4435416665     -1.0127549336248682  7.2932624218525959 MAHPS 
2460022.4174305550     -2.3318227845130459 11.2079152781212503 MAHPS 
2460026.3888657410    -14.2690034729771646 14.2376369256301647 MAHPS 
2460026.4108796297     14.1223867526243207 11.0935294285329142 MAHPS 
2460026.4328935184     -4.2804387277928377 11.6454463539413648 MAHPS 
2460029.3984259260      4.1523847040661668 10.3370736250166129 MAHPS 
2460029.4208912039      7.5381320192328465  9.3423656479482098 MAHPS 
2460029.4429050926     -2.8781553827808910 13.3187544802157358 MAHPS 
2460056.4331365740     23.8186203340633682 10.4982232781875595 MAHPS 
2460056.4551041662     15.2966457058590919 10.0683514310098001 MAHPS 
2460056.4770833333     -5.9560266727937501  6.9125827743760286 MAHPS 
2460062.3957638890     24.2415614384362144 14.0090192164611071 MAHPS 
2460062.4185300926      8.1569140114296932 11.3538384279530717 MAHPS 
2460068.3560185186     14.0498707450834104  6.7031998107907409 MAHPS 
2460068.3780324073     11.9976036774850563  6.1254418195155838 MAHPS 
2460068.4000578704     27.6251861023430827  7.1254690910173775 MAHPS 
2460069.3380439817     25.0416274939878001  6.2899817030272800 MAHPS 
2460069.3600462964     19.6825020152034114  5.0705732443528202 MAHPS 
2460071.3596527777     -5.0560116404849715  6.5548219347934573 MAHPS 
2460071.3818634260      6.8043391129256943  8.4855962818653925 MAHPS 
2460071.4038773142      3.1198958185249119  9.4302960333053445 MAHPS 
2460329.5519907409      7.3121775445290638  8.3945927635392579 MAHPS 
2460329.5739699076     26.1692172695134353  6.7418564738829394 MAHPS 
2460330.5173495370      9.7742918716985354  9.7489771036857604 MAHPS 
2460330.5393287037     15.2715535681335197  7.4378414819735497 MAHPS 
2460330.5612731483     18.9372110449099154  8.9149346871914865 MAHPS 
2460331.5227199076      3.3502863595952150  9.5772894191938818 MAHPS 
2460331.5446990742     10.3608948186384140  7.3137987259848618 MAHPS 
2460331.5666435184     -3.1769135236751307  6.9203240382810067 MAHPS 
2460343.6280555557     42.6807909570296147  7.9737617914717642 MAHPS 
2460343.6500347224     35.4403103184579251  9.2195006815811045 MAHPS 
2460343.6720023146     17.6620504512447738 12.7342583470783879 MAHPS 
2460345.5363541665     14.7172534965896737 16.7330356680478687 MAHPS 
2460345.5582986111      6.6884650673058825 11.2409224460078114 MAHPS 
2460345.5802662037    -24.3841782327241390 11.7687385646296523 MAHPS 
2460356.4443750000     36.0425399881868032  7.6935937091336157 MAHPS 
2460356.4663773142     12.5330432841306632  5.8863254977112085 MAHPS 
2460356.4883796298     25.8498517434280757  8.7919909963425251 MAHPS 
2460372.4103587964      6.3987008030753527 11.7887015215185844 MAHPS 
2460372.4323842591      8.3667738569363372 11.0674730272994086 MAHPS 
2460372.4543981482     14.8241361354392929  9.3784139585640673 MAHPS 
2460372.4827430556      9.4391430277114718  9.1918807713575994 MAHPS 
2460373.5413078703      0.7402786134899754  6.9442440360800406 MAHPS 
2460373.5632754629      6.8972944543504129 10.5866689458515157 MAHPS 
2460373.5852546296     12.8007088812161420 11.3508035865855597 MAHPS 
2460389.4018981480    -13.0364326631826604 18.0637420475789909 MAHPS 
2460389.4278356479    -12.9201183256139025 10.1663089464879963 MAHPS 
2460389.4498495371    -15.4180389375202278  6.7145358277403684 MAHPS 
2460390.4865624998     13.1631656454222448  7.9869560517511911 MAHPS 
2460390.5085879629      9.6506870386186527  9.2131389919108919 MAHPS 
2460398.5485532410     38.1681573073617315 14.6839654331906804 MAHPS 
2460398.5924999998     23.6292625419605393 13.1388462310078555 MAHPS 
2460403.3102893517     19.3179405230398409  9.8830829808546792 MAHPS 
2460403.3323263889     22.0470204484756387 11.1645155578504500 MAHPS 
2460403.3543402776     -9.4704100728634035  9.9122664789785979 MAHPS 
2460407.3085879628     -6.5926126575255406 10.0676636505394494 MAHPS 
2460407.3305555554    -36.2162321299128891  8.1357399614377712 MAHPS 
2460407.3525231481    -15.5160159507386357  9.5112716491080445 MAHPS 
2460412.3520949073     19.9742562357332467 12.4087405465182794 MAHPS 
2460412.3741087965     23.1681227470496225 10.4762746898912873 MAHPS 
2460412.3961226852     -1.5534683151924755 10.2726682874474555 MAHPS 
2460413.3186921296     25.5809042641621147  7.2531440007163201 MAHPS 
2460413.3406597222     10.8692720663457241  3.8717900974335446 MAHPS 
2460413.3626273149      5.3858684060910207  6.0587717264843937 MAHPS 
2460414.4475115743     -9.6641047762244128  8.8494132871555227 MAHPS 
2460414.4694791664    -29.6133984505614904  5.0273993947441777 MAHPS 
2460414.4914467591      2.7179355739819124  6.5139217369600981 MAHPS 
2459631.5290799998 -34686.6999999999970896  3.2000000000000002 SOPHIE
2459918.6893699998 -34690.4000000000014552  3.0000000000000000 SOPHIE
2459919.6779100001 -34675.0000000000000000  3.0000000000000000 SOPHIE
2459936.6591300000 -34700.0999999999985448  3.1000000000000001 SOPHIE
2459972.6330200001 -34679.5000000000000000  3.2000000000000002 SOPHIE
2459973.5748700001 -34685.5999999999985448  3.1000000000000001 SOPHIE
2459975.6605099998 -34712.3000000000029104  3.0000000000000000 SOPHIE
2459978.5608000001 -34693.1999999999970896  3.1000000000000001 SOPHIE
2459980.4928799998 -34686.0000000000000000  4.7999999999999998 SOPHIE
2459984.6332000000 -34692.5999999999985448  3.1000000000000001 SOPHIE
2460007.4432600001 -34690.9000000000014552  2.5000000000000000 SOPHIE
2460010.5224100002 -34691.5999999999985448  5.5999999999999996 SOPHIE
2460072.3673899998 -34697.0000000000000000  4.5000000000000000 SOPHIE
2460073.4348599999 -34676.1999999999970896  3.7999999999999998 SOPHIE
2460074.4833399998 -34678.8000000000029104  4.0999999999999996 SOPHIE
2460076.3974700002 -34705.4000000000014552  3.1000000000000001 SOPHIE
2460281.7130800001 -34685.0999999999985448  4.2000000000000002 SOPHIE
2460285.6336900000 -34692.8000000000029104  3.0000000000000000 SOPHIE
2460288.6686499999 -34686.3000000000029104  3.1000000000000001 SOPHIE
2460296.6987100001 -34693.3000000000029104  2.3999999999999999 SOPHIE
2460297.6970700002 -34686.4000000000014552  3.0000000000000000 SOPHIE
2460300.6953599998 -34702.0999999999985448  3.8999999999999999 SOPHIE
2460324.6906699999 -34679.0000000000000000  3.1000000000000001 SOPHIE
2460334.6632200000 -34699.5000000000000000  3.2000000000000002 SOPHIE
2460337.5970999999 -34688.4000000000014552  3.1000000000000001 SOPHIE
2460354.6001599999 -34704.8000000000029104  3.1000000000000001 SOPHIE
2460386.5322699999 -34697.0000000000000000  3.1000000000000001 SOPHIE
2460390.4987100000 -34695.3000000000029104  3.1000000000000001 SOPHIE
